7942
3622
5623
747
7459
10716
10309
7913
7362
8282
6462
5034
6679
10327
3150
1258
8558
6186
10095
10557
4816
1616
3802
5660
8635
1366
264
3825
6354
9757
376
9762
10164
8280
8729
7481
8972
2368
6880
3965
6580
8865
2434
5645
2236
710
10636
6343
7368
11191
515
3911
2295
1010
7822
9969
2821
3039
10851
7293
7705
4082
2157
4409
4661
8852
5994
6068
5246
1270
1710
368
11164
4846
3155
2188
3049
3690
1190
10286
8715
2537
1622
1992
4665
11398
5869
2315
7614
1454
7731
208
5980
316
6658
3442
4752
1715
2087
6536
